259	113	19	44	
259	113	19	44	
259	113	19	44	
259	113	19	44	
259	113	19	44	
259	113	19	44	
259	113	19	44	
259	113	19	44	
259	113	19	44	
259	113	19	44	
259	113	19	44	
259	113	19	44	
259	113	19	44	
259	113	19	44	
259	113	19	44	
259	113	19	44	
259	113	19	44	
259	113	19	44	
259	113	19	44	
259	113	19	44	
259	113	19	44	
259	113	19	44	
259	113	19	44	
259	113	19	44	
259	113	19	44	
259	113	19	44	
259	113	19	44	
259	113	19	44	
259	113	19	44	
259	113	19	44	
259	113	19	44	
259	113	19	44	
259	114	19	43	
259	115	19	42	
259	116	19	41	
259	117	19	40	
258	118	20	38	
259	118	18	39	
258	119	19	39	
257	121	20	36	
257	121	20	36	
258	124	18	34	
256	126	18	30	
256	128	20	30	
256	128	20	29	
256	127	18	30	
257	127	18	30	
257	127	19	29	
256	128	19	28	
257	128	19	28	
257	129	18	29	
256	128	20	29	
257	127	19	30	
256	128	19	29	
257	128	19	30	
257	128	19	30	
257	129	19	28	
257	129	19	28	
256	127	20	30	
257	127	18	31	
257	127	20	29	
257	128	19	29	
257	129	20	29	
258	127	20	29	
257	127	20	30	
259	127	19	30	
259	127	19	30	
259	127	19	30	
259	127	19	30	
259	127	19	30	
259	127	19	30	
259	127	19	30	
259	127	19	30	
259	127	19	30	
259	127	19	30	
259	127	19	30	
259	127	19	30	
259	127	19	30	
259	127	19	30	
259	127	19	30	
259	127	19	30	
259	127	19	30	
259	127	19	30	
259	127	19	30	
259	127	19	30	
259	127	19	30	
259	127	19	30	
259	127	19	30	
259	127	19	30	
259	127	19	30	
259	127	19	30	
259	128	19	29	
259	128	19	29	
259	128	19	29	
259	128	19	29	
259	128	19	29	
259	128	19	29	
259	128	19	29	
259	128	19	29	
259	128	19	29	
259	128	19	29	
259	128	19	29	
259	128	19	29	
259	128	19	29	
259	128	19	29	
259	128	19	29	
259	128	19	29	
259	128	19	29	
259	128	19	29	
259	128	19	29	
259	128	19	29	
259	128	19	29	
259	128	19	29	
259	128	19	29	
259	128	19	29	
259	129	19	28	
259	129	19	28	
259	129	19	28	
259	129	19	28	
259	129	19	28	
259	129	19	28	
259	129	19	28	
259	129	19	28	
259	129	19	28	
259	129	19	28	
259	129	19	28	
259	129	19	28	
259	129	19	28	
259	129	19	28	
259	129	19	28	
259	129	19	28	
259	129	19	28	
259	129	19	28	
259	129	19	28	
259	129	19	28	
259	129	19	28	
259	129	19	28	
259	129	19	28	
259	129	19	28	
259	129	19	28	
259	129	19	28	
259	129	19	28	
259	129	19	28	
259	129	19	28	
259	129	19	28	
259	129	19	28	
259	129	19	28	
259	129	19	28	
259	129	19	28	
259	129	19	28	
259	129	19	28	
259	129	19	28	
259	129	19	28	
259	129	19	28	
259	129	19	28	
259	129	19	28	
259	129	19	28	
259	129	19	28	
259	129	19	28	
259	129	19	28	
259	129	19	28	
259	129	19	28	
259	129	19	28	
259	129	19	28	
259	129	19	28	
259	129	19	28	
259	129	19	28	
259	129	19	28	
259	129	19	28	
259	129	19	28	
259	129	19	28	
259	129	19	28	
259	129	19	28	
259	129	19	28	
259	129	19	28	
259	129	19	28	
259	129	19	28	
259	129	19	28	
259	129	19	28	
259	129	19	28	
259	129	19	28	
259	129	19	28	
259	129	19	28	
259	129	19	28	
259	129	19	28	
259	129	19	28	
259	129	19	28	
259	129	19	28	
259	129	19	28	
259	129	19	28	
259	129	19	28	
259	129	19	28	
259	129	19	28	
259	129	19	28	
259	129	19	28	
259	129	19	28	
259	129	19	28	
259	129	19	28	
259	129	19	28	
259	129	19	28	
259	129	19	28	
259	129	19	28	
259	129	19	28	
259	129	19	28	
259	129	19	28	
259	129	19	28	
259	129	19	28	
259	129	19	28	
259	129	19	28	
259	129	19	28	
259	129	19	28	
259	129	19	28	
259	129	19	28	
259	129	19	28	
259	129	19	28	
259	129	19	28	
259	129	19	28	
259	129	19	28	
259	129	19	28	
259	129	19	28	
259	129	19	28	
259	129	19	28	
259	129	19	28	
259	129	19	28	
259	129	19	28	
259	129	19	28	
259	129	19	28	
259	129	19	28	
259	129	19	28	
259	129	19	28	
259	129	19	28	
259	129	19	28	
259	129	19	28	
259	129	19	28	
259	129	19	28	
259	129	19	28	
259	129	19	28	
259	129	19	28	
259	129	19	28	
259	129	19	28	
259	129	19	28	
259	129	19	28	
259	129	19	28	
259	129	19	28	
259	129	19	28	
259	129	19	28	
259	129	19	28	
259	129	19	28	
259	129	19	28	
259	129	19	28	
259	129	19	28	
259	129	19	28	
259	129	19	28	
259	129	19	28	
259	129	19	28	
259	129	19	28	
259	129	19	28	
259	129	19	28	
259	129	19	28	
259	129	19	28	
259	129	19	28	
259	129	19	28	
259	129	19	28	
259	129	19	28	
259	129	19	28	
259	129	19	28	
259	129	19	28	
259	129	19	28	
259	129	19	28	
259	129	19	28	
259	129	19	28	
259	129	19	28	
259	129	19	28	
259	129	19	28	
259	129	19	28	
259	129	19	28	
259	129	19	28	
259	129	19	28	
259	129	19	28	
259	129	19	28	
259	129	19	28	
259	129	19	28	
259	129	19	28	
259	129	19	28	
259	129	19	28	
259	129	19	28	
259	129	19	28	
259	129	19	28	
259	129	19	28	
259	129	19	28	
259	129	19	28	
259	129	19	28	
259	129	19	28	
259	129	19	28	
259	129	19	28	
259	129	19	28	
259	129	19	28	
259	129	19	28	
259	129	19	28	
259	129	19	28	
259	129	19	28	
259	129	19	28	
259	129	19	28	
259	129	19	28	
259	129	19	28	
259	129	19	28	
259	129	19	28	
259	129	19	28	
259	129	19	28	
259	129	19	28	
259	129	19	28	
259	128	19	29	
256	126	20	31	
258	127	19	29	
258	124	18	33	
258	125	18	32	
259	124	17	33	
258	125	19	32	
258	125	19	32	
256	127	19	30	
257	126	19	31	
258	126	19	31	
257	126	19	31	
257	126	19	31	
259	125	19	32	
258	126	19	29	
258	125	20	33	
258	125	19	31	
257	125	19	33	
258	126	20	32	
258	125	20	32	
258	127	19	31	
258	124	19	33	
258	124	19	32	
257	126	20	31	
258	126	19	30	
258	125	19	31	
258	125	19	31	
258	125	19	31	
258	125	19	31	
258	125	19	31	
258	125	19	31	
258	125	19	31	
258	125	19	31	
258	125	19	31	
256	123	20	34	
258	125	19	31	
258	125	19	31	
258	125	19	31	
258	125	19	31	
258	125	19	31	
258	125	19	31	
258	125	19	31	
258	125	19	31	
258	125	19	31	
258	125	19	31	
258	125	19	31	
258	125	19	31	
258	125	19	31	
258	125	19	31	
258	125	19	31	
258	126	19	30	
259	123	17	33	
258	125	19	32	
258	125	19	32	
258	125	19	32	
258	125	19	32	
258	125	19	32	
258	125	19	32	
258	125	19	32	
258	125	19	32	
258	125	19	32	
258	125	19	32	
259	123	18	33	
258	124	19	32	
258	124	19	34	
258	125	20	33	
259	125	20	32	
257	123	20	34	
257	123	20	34	
257	123	20	34	
257	123	20	34	
257	123	20	34	
257	123	20	34	
257	123	20	34	
257	123	20	34	
257	123	20	34	
257	123	20	34	
257	123	20	34	
257	125	20	32	
257	123	20	34	
257	123	20	34	
257	123	20	34	
257	123	20	34	
257	121	20	36	
257	123	20	34	
257	123	20	34	
257	119	20	38	
261	116	18	42	
260	117	18	39	
259	115	20	41	
259	119	20	39	
260	112	18	43	
261	112	17	44	
260	112	20	45	
261	111	19	41	
259	112	21	47	
259	108	20	50	
262	110	18	46	
258	110	21	47	
258	109	19	48	
261	111	18	47	
259	109	17	48	
258	110	20	47	
257	110	20	48	
258	111	19	47	
258	111	19	47	
258	111	19	47	
258	111	19	47	
258	111	19	47	
258	111	19	47	
258	111	19	47	
258	111	19	47	
258	111	19	47	
258	111	19	47	
258	111	19	47	
258	111	19	47	
258	111	19	47	
258	111	19	47	
258	111	19	47	
258	111	19	47	
258	111	19	47	
258	111	19	47	
258	111	19	47	
258	111	19	47	
258	111	19	47	
258	111	20	47	
258	111	23	47	
258	111	26	47	
258	111	29	47	
258	111	34	47	
